-1025,5.8246e+06
-1020,3.3947e+05
-1015,4.9779e+05
-1010,6.1156e+05
-1005,5.9747e+05
-1000,4.796e+05
-995,3.5041e+05
-990,2.7265e+05
-985,2.418e+05
-980,2.4563e+05
-975,2.6011e+05
-970,2.6087e+05
-965,2.3971e+05
-960,2.0683e+05
-955,1.7368e+05
-950,1.429e+05
-945,1.1905e+05
-940,99660
-935,85488
-930,74484
-925,66309
-920,60291
-915,54624
-910,49823
-905,46442
-900,42514
-895,39164
-890,35725
-885,32551
-880,29504
-875,26679
-870,24082
-865,21952
-860,19968
-855,18280
-850,17138
-845,16534
-840,15464
-835,14820
-830,14277
-825,13718
-820,13551
-815,13096
-810,12764
-805,12355
-800,12253
-795,11656
-790,11786
-785,11365
-780,11434
-775,11221
-770,11304
-765,11330
-760,11090
-755,11236
-750,11426
-745,11602
-740,11666
-735,11789
-730,11890
-725,12053
-720,12264
-715,12389
-710,12500
-705,12659
-700,12885
-695,12700
-690,12934
-685,12736
-680,12986
-675,12994
-670,12989
-665,13216
-660,12912
-655,12603
-650,12627
-645,12451
-640,12576
-635,12175
-630,12208
-625,11779
-620,11525
-615,11361
-610,11163
-605,11133
-600,10716
-595,10227
-590,9919
-585,9957
-580,9377
-575,9391
-570,9183
-565,8771
-560,8618
-555,8575
-550,8239
-545,8136
-540,8051
-535,7772
-530,7661
-525,7403
-520,7276
-515,7199
-510,6981
-505,6924
-500,6886
-495,6647
-490,6680
-485,6421
-480,6392
-475,6321
-470,6466
-465,6184
-460,6228
-455,6043
-450,6119
-445,5991
-440,5870
-435,5952
-430,6025
-425,5890
-420,5939
-415,5899
-410,5857
-405,5822
-400,5654
-395,5888
-390,5728
-385,5730
-380,5662
-375,5641
-370,5438
-365,5397
-360,5367
-355,5399
-350,5390
-345,5320
-340,5340
-335,5359
-330,5262
-325,5333
-320,5154
-315,5250
-310,5262
-305,5099
-300,5270
-295,5193
-290,5266
-285,5224
-280,5214
-275,5237
-270,5106
-265,5162
-260,5244
-255,5164
-250,5301
-245,5162
-240,5279
-235,5167
-230,5263
-225,5222
-220,5250
-215,5292
-210,5156
-205,5272
-200,5324
-195,5214
-190,5331
-185,5307
-180,5433
-175,5689
-170,6013
-165,6672
-160,7466
-155,8793
-150,11410
-145,15393
-140,22077
-135,32402
-130,48778
-125,71926
-120,1.0354e+05
-115,1.4021e+05
-110,1.7802e+05
-105,2.0976e+05
-100,2.3095e+05
-95,2.3901e+05
-90,2.3502e+05
-85,2.2379e+05
-80,2.0861e+05
-75,1.9211e+05
-70,1.7581e+05
-65,1.6073e+05
-60,1.4689e+05
-55,1.3515e+05
-50,1.2439e+05
-45,1.157e+05
-40,1.0972e+05
-35,1.0364e+05
-30,1.0015e+05
-25,97937
-20,97816
-15,98407
-10,1.0034e+05
-5,1.0416e+05
0,1.1071e+05
5,1.1869e+05
10,1.3218e+05
15,1.4758e+05
20,1.6975e+05
25,1.9941e+05
30,2.3823e+05
35,2.8266e+05
40,3.3492e+05
45,3.8753e+05
50,4.3244e+05
55,4.6217e+05
60,4.709e+05
65,4.574e+05
70,4.2476e+05
75,3.8116e+05
80,3.3424e+05
85,2.8954e+05
90,2.4854e+05
95,2.1272e+05
100,1.8175e+05
105,1.5499e+05
110,1.3182e+05
115,1.1086e+05
120,93492
125,78019
130,65312
135,54719
140,45819
145,38756
150,32783
155,28885
160,25621
165,23952
170,22852
175,22627
180,22343
185,22311
190,22738
195,23194
200,23994
205,24236
210,25222
215,26223
220,27058
225,27727
230,28804
235,29956
240,30380
245,31129
250,31426
255,31245
260,31133
265,31027
270,30131
275,29516
280,28589
285,27415
290,26377
295,25463
300,24686
305,24149
310,23672
315,23566
320,23010
325,22542
330,22547
335,22034
340,21798
345,21162
350,20476
355,19670
360,18656
365,17592
370,16242
375,14872
380,13513
385,12083
390,10948
395,9615
400,8474
405,7683
410,6949
415,6131
420,5640
425,5194
430,4787
435,4444
440,4303
445,3850
450,3849
455,3697
460,3422
465,3374
470,3321
475,3157
480,3005
485,2739
490,2708
495,2731
500,2635
505,2467
510,2418
515,2357
520,2334
525,2242
530,2194
535,2140
540,2062
545,2018
550,1945
555,1825
560,1807
565,1817
570,1734
575,1687
580,1640
585,1564
590,1667
595,1541
600,1494
605,1481
610,1427
615,1453
620,1360
625,1402
630,1345
635,1246
640,1296
645,1268
650,1297
655,1154
660,1104
665,1113
670,1137
675,1109
680,1059
685,1062
690,1058
695,996
700,973
705,999
710,961
715,936
720,907
725,847
730,871
735,838
740,832
745,848
750,791
755,772
760,754
765,761
770,690
775,702
780,713
785,686
790,630
795,664
800,647
805,670
810,578
815,591
820,602
825,584
830,544
835,592
840,552
845,535
850,521
855,525
860,498
865,486
870,491
875,468
880,402
885,450
890,420
895,405
900,429
905,392
910,432
915,384
920,350
925,343
930,346
935,335
940,328
945,316
950,338
955,316
960,311
965,270
970,247
975,271
980,290
985,262
990,238
995,255
1000,222
1005,233
1010,231
1015,203
1020,220
1025,203
1030,198
1035,189
1040,205
1045,183
1050,187
1055,171
1060,158
1065,154
1070,171
1075,156
1080,178
1085,125
1090,154
1095,131
1100,125
1105,150
1110,113
1115,137
1120,121
1125,102
1130,109
1135,123
1140,110
1145,109
1150,88
1155,83
1160,87
1165,88
1170,101
1175,76
1180,82
1185,72
1190,84
1195,83
1200,92
1205,73
1210,70
1215,68
1220,72
1225,67
1230,67
1235,70
1240,78
1245,55
1250,68
1255,56
1260,55
1265,51
1270,57
1275,49
1280,58
1285,37
1290,39
1295,50
1300,43
1305,43
1310,33
1315,44
1320,34
1325,31
1330,26
1335,25
1340,28
1345,26
1350,16
1355,10
1360,16
1365,14
1370,18
1375,13
1380,5
1385,5
1390,11
1395,10
1400,5
1405,4
1410,5
1415,6
1420,3
1425,2
1430,2
1435,3
1440,0
1445,1
1450,2
1455,4
1460,3
1465,1
1470,0
1475,0
1480,4
1485,0
1490,0
1495,0
1500,0
1505,0
1510,0
1515,0
1520,0
1525,1
1530,0
1535,1
1540,1
1545,0
1550,0
1555,1
1560,0
1565,0
1570,0
1575,0
1580,0
1585,0
1590,0
1595,1
1600,0
1605,0
1610,0
1615,0
1620,1
1625,0
1630,0
1635,0
1640,0
1645,0
1650,0
1655,1
1660,0
1665,0
1670,0
1675,0
1680,0
1685,0
1690,0
1695,1
